AdjacencyGraph
128
708
0 5 10 15 20 25 30 35 40 45 50 55 60 65 70 75 80 85 90 95 100 105 110 115 120 125 130 135 140 145 150 155 160 165 170 175 180 185 190 195 200 205 210 215 220 225 230 235 240 245 250 255 260 265 270 275 280 285 290 295 300 305 310 315 320 325 330 335 340 345 350 355 360 365 370 375 380 385 390 395 400 405 410 415 420 425 430 435 440 445 450 455 460 465 470 475 480 485 490 495 500 505 510 515 520 525 530 535 540 545 550 555 560 565 570 575 580 585 590 595 600 605
78 117 325 404 627 655 662
155 258 262 271 319 350 389 393 447 608 677
175 363 374 384 448 485 563 625 688
264
38 266 326 351 429
67 79 309 332 435 570 666
54 195 218 219 360 522 562 620 631
74 198 224 237 259 343 397 404 465 631 671
119 225 398
24 31 253 291 347 384 434 438 455 587


57 93 124 340 365 401 427 492
111 166 180 332 389 392 427 468
186 258 298 369 389 677
23 219 619
41 56 73 269 320 335 557 629 682
455 488 699 700
21 38 52 86 346 480 517 583
5 76 250 259 292 377 407 465 483 564
199 205 239 341 381 544 568 588 627 637
637

29 437 614


263
67 95 110 182 225 313 436 490 626 650
57 80 97 173 239 264 311 335 371 548
37 69 114 121 164 244 255 351 509 630 669
6 13 70 109 155 240 294 362 426 630
256 390 466 534
26 137 404 587 618
78 83 289 411 530 670
11 57 145 198 335 372 451 538 597 627 670
215 446 471 603
659 696
106 189 274 322 353 420 488 534 568
63 68 269 323 581 624 635 699
45 200 209 321 335 368 469 490 501 589 647

418

164 586
7 16 21 178 182 231 517 571

35 150 155 199 335 349 383 519 531 606 661
184 315 381 453 550 590 675 698
19 27 54 336 442 585 667
123 181 458 513 601 625
566
8 11 111 124 136 203 433 447 457 637 669
69 71 148 179 266 268 499 600 692
261 390 516 665

182 301 365 484


556
54 74 368 381 415 449 597


158 169 171 324 338 504 506 531
122 172 306 503 526 617
67 303 537
2 186
489

141 159 454 544 623 673 688

8 295 299 328 417 449 484 591
167 269 320 599
292 307 327 356
92 95 109 114 166 171 288 384 483 609

69 88 130 478 537 563 592 605 636 682
43 131 150 318 395 442 446 447 620
88 244 256 260 278 339 417 486 582

134 316 334

148 353
154 201 405 447
150 245 340 352 421 696
332
59 78 102 152 309 449 508 627
435
280 284 314 353 488 491 682
46 156 181 226 324 470 510
578
251 282 328

321
37

32 198 282
195 306 339 384 444 445 481 570
129 431 461
292 400 466
74 304 394 450 535 649
36

49 58 101 133 368 429 539 558 560 566 595
56 320 351 380
154


239 349 356 357 396 455 477 487 505 551
112 157 247 371 459
68 587 643
48 416
352 364 536

262 325 356 613
1 188 392 403 413 475 494 495 533 554


17 62 152 194 276 283 519 525 583 601
82 124 242 275 415 428 430 523 680 706

199 363 367 399 502 662 664 667 679
59
8 93 298 363 461 562
140 156 298 466 543 603
29 106 146 170 221 272 337 410 513 537 641

150 278 366 508 662
